322761
322867
322947
322963
322984
325285
325293
325308
325313
325316
325318
325319
325322
325323
325324
325325
325326
325328
325332
325333
325337
325338
325343
325344
325567
325570
325573
325576
325577
325578
325580
325581
325582
325583
325584
325600
325610
325613
327691
327692
327776
327778
327779
327813
327820
327861
328586
328897
329270
329276
329280
329285
329287
329288
329294
329298
329300
329304
329306
329307
329309
329312
329314
329315
329316
329317
329318
329319
329320
329322
329323
329324
329325
329331
329340
329342
329345
329346
329351
329353
329354
329355
329357
329360
329361
329366
329367
329369
329372
329373
329375
329376
336283
336284
336286
336295
336327
336329
336334
336346
336359
336365
336376
337419
337420
337433
337436
337439
337444
337456
337468
337473
337474
337482
337484
337486
337491
337499
337524
337525
337527
337543
337544
337557
337559
337571
337586
337587
337594
337601
337602
337604
337607
337609
337611
337612
337613
337617
337619
337620
337622
337624
337629
337630
337632
337633
337634
337635
337636
337637
337638
337639
337641
337642
337643
337645
337647
348087
348103
348113
348131
348149
348150
348152
348153
362988
362989
362992
362998
363001
363007
363009
363010
363012
363014
363015
363019
363021
363024
363026
363027
363028
363030
363036
363037
363038
363039
363040
363042
363043
363044
363046
363047
363048
363049
363050
363051
363052
364220
366593
366594
366596
366598
366600
366601
